 24
Arhuaco    0.0000 0.7909 0.7364 0.7636 0.7545 0.7636 0.9364 0.7091 0.6182 0.7909 0.5455 0.7576 0.9727 0.9364 0.4000 0.7636 0.9091 0.9818 0.7727 0.8532 0.7890 0.7545 0.8091 0.9273
Bari       0.7909 0.0000 0.8455 0.7818 0.8545 0.8000 0.9455 0.7182 0.7182 0.8273 0.8091 0.8081 0.9636 0.9182 0.8091 0.8364 0.9273 0.9727 0.8727 0.8807 0.8165 0.8364 0.8727 0.9364
Boruca     0.7364 0.8455 0.0000 0.7273 0.7273 0.7000 0.9455 0.7818 0.7273 0.8273 0.7455 0.7273 0.9091 0.9000 0.7545 0.8182 0.9091 0.9727 0.7364 0.8532 0.7982 0.7455 0.8182 0.9182
Bribri     0.7636 0.7818 0.7273 0.0000 0.7818 0.2091 0.9273 0.7455 0.7545 0.8273 0.7636 0.7172 0.9455 0.9091 0.7727 0.8000 0.9091 0.9636 0.7545 0.8349 0.7706 0.7818 0.7455 0.9182
Buglere    0.7545 0.8545 0.7273 0.7818 0.0000 0.7818 0.9636 0.8091 0.7545 0.8091 0.7545 0.7778 0.9636 0.9364 0.7909 0.8273 0.9273 0.9727 0.6909 0.8624 0.7890 0.7455 0.8273 0.9364
Cabecar    0.7636 0.8000 0.7000 0.2091 0.7818 0.0000 0.9364 0.7636 0.7545 0.8273 0.7455 0.7576 0.9273 0.9091 0.7455 0.8091 0.9091 0.9818 0.7545 0.8165 0.7798 0.8091 0.7455 0.9182
Cacaopera  0.9364 0.9455 0.9455 0.9273 0.9636 0.9364 0.0000 0.9364 0.9182 0.9455 0.9364 0.9495 0.8909 0.8545 0.9364 0.9455 0.7727 0.8727 0.9455 0.9083 0.9450 0.9455 0.9455 0.7909
CentralTune 0.7091 0.7182 0.7818 0.7455 0.8091 0.7636 0.9364 0.0000 0.5909 0.8000 0.6818 0.7879 0.9636 0.9364 0.7182 0.8000 0.9091 0.9727 0.8091 0.8624 0.7982 0.7455 0.7909 0.9273
Chibcha    0.6182 0.7182 0.7273 0.7545 0.7545 0.7545 0.9182 0.5909 0.0000 0.7636 0.6364 0.7677 0.9273 0.9273 0.6636 0.7545 0.9000 0.9636 0.7636 0.8440 0.7615 0.7182 0.8000 0.9000
Chimila    0.7909 0.8273 0.8273 0.8273 0.8091 0.8273 0.9455 0.8000 0.7636 0.0000 0.7909 0.8687 0.9455 0.9455 0.7727 0.8636 0.9091 0.9636 0.8182 0.8807 0.8073 0.8273 0.8364 0.9182
Cogui      0.5455 0.8091 0.7455 0.7636 0.7545 0.7455 0.9364 0.6818 0.6364 0.7909 0.0000 0.7677 0.9636 0.9455 0.4818 0.8000 0.9091 0.9727 0.7636 0.8624 0.7798 0.7182 0.8273 0.9182
Dorasque   0.7576 0.8081 0.7273 0.7172 0.7778 0.7576 0.9495 0.7879 0.7677 0.8687 0.7677 0.0000 0.9394 0.9192 0.7778 0.7980 0.8990 0.9697 0.7374 0.9184 0.7980 0.7778 0.8081 0.9192
LencaHondur 0.9727 0.9636 0.9091 0.9455 0.9636 0.9273 0.8909 0.9636 0.9273 0.9455 0.9636 0.9394 0.0000 0.4909 0.9818 0.9545 0.8455 0.9182 0.9545 0.9358 0.9358 0.9455 0.9636 0.8455
LencaSalvad 0.9364 0.9182 0.9000 0.9091 0.9364 0.9091 0.8545 0.9364 0.9273 0.9455 0.9455 0.9192 0.4909 0.0000 0.9273 0.9000 0.8727 0.9182 0.9364 0.9174 0.9174 0.9364 0.9273 0.8818
Malayo     0.4000 0.8091 0.7545 0.7727 0.7909 0.7455 0.9364 0.7182 0.6636 0.7727 0.4818 0.7778 0.9818 0.9273 0.0000 0.7727 0.9000 0.9727 0.7636 0.8532 0.7982 0.7455 0.8182 0.9182
MalekuJaika 0.7636 0.8364 0.8182 0.8000 0.8273 0.8091 0.9455 0.8000 0.7545 0.8636 0.8000 0.7980 0.9545 0.9000 0.7727 0.0000 0.8909 0.9727 0.8273 0.8716 0.7798 0.8182 0.8455 0.9000
Mayangna   0.9091 0.9273 0.9091 0.9091 0.9273 0.9091 0.7727 0.9091 0.9000 0.9091 0.9091 0.8990 0.8455 0.8727 0.9000 0.8909 0.0000 0.8091 0.9000 0.8349 0.8899 0.9000 0.9182 0.1909
Miskito    0.9818 0.9727 0.9727 0.9636 0.9727 0.9818 0.8727 0.9727 0.9636 0.9636 0.9727 0.9697 0.9182 0.9182 0.9727 0.9727 0.8091 0.0000 0.9273 0.9633 0.9725 0.9727 0.9727 0.8182
Ngabere    0.7727 0.8727 0.7364 0.7545 0.6909 0.7545 0.9455 0.8091 0.7636 0.8182 0.7636 0.7374 0.9545 0.9364 0.7636 0.8273 0.9000 0.9273 0.0000 0.9174 0.7982 0.7182 0.7909 0.9091
Pech       0.8532 0.8807 0.8532 0.8349 0.8624 0.8165 0.9083 0.8624 0.8440 0.8807 0.8624 0.9184 0.9358 0.9174 0.8532 0.8716 0.8349 0.9633 0.9174 0.0000 0.8519 0.8807 0.8991 0.8440
Rama       0.7890 0.8165 0.7982 0.7706 0.7890 0.7798 0.9450 0.7982 0.7615 0.8073 0.7798 0.7980 0.9358 0.9174 0.7982 0.7798 0.8899 0.9725 0.7982 0.8519 0.0000 0.8073 0.8440 0.8991
SanBlasKuna 0.7545 0.8364 0.7455 0.7818 0.7455 0.8091 0.9455 0.7455 0.7182 0.8273 0.7182 0.7778 0.9455 0.9364 0.7455 0.8182 0.9000 0.9727 0.7182 0.8807 0.8073 0.0000 0.8182 0.9091
Teribe     0.8091 0.8727 0.8182 0.7455 0.8273 0.7455 0.9455 0.7909 0.8000 0.8364 0.8273 0.8081 0.9636 0.9273 0.8182 0.8455 0.9182 0.9727 0.7909 0.8991 0.8440 0.8182 0.0000 0.9273
Ulwa       0.9273 0.9364 0.9182 0.9182 0.9364 0.9182 0.7909 0.9273 0.9000 0.9182 0.9182 0.9192 0.8455 0.8818 0.9182 0.9000 0.1909 0.8182 0.9091 0.8440 0.8991 0.9091 0.9273 0.0000
