 18
Arhuaco    0.0000 0.9364 0.9273 0.9182 0.9091 0.9091 0.9273 0.9000 0.9455 0.7909 0.9394 0.6273 0.9091 0.9364 0.9450 0.9266 0.9455 0.9455
Bari       0.9364 0.0000 0.9182 0.9182 0.9273 0.9091 0.8909 0.8909 0.9545 0.9364 0.9293 0.9273 0.9455 0.9545 0.9541 0.9358 0.9364 0.9545
Boruca     0.9273 0.9182 0.0000 0.8545 0.8545 0.8545 0.8818 0.9182 0.9182 0.9091 0.8889 0.9000 0.9182 0.8909 0.9450 0.9083 0.8909 0.9273
Bribri     0.9182 0.9182 0.8545 0.0000 0.8636 0.2636 0.8273 0.8727 0.9091 0.8818 0.8990 0.9182 0.8636 0.9091 0.8899 0.9083 0.8909 0.9091
Buglere    0.9091 0.9273 0.8545 0.8636 0.0000 0.8636 0.9000 0.8818 0.9273 0.8636 0.8990 0.9091 0.9091 0.7727 0.9358 0.9450 0.8636 0.9000
Cabecar    0.9091 0.9091 0.8545 0.2636 0.8636 0.0000 0.8182 0.8636 0.9091 0.8636 0.8889 0.9182 0.8636 0.9000 0.9083 0.8991 0.8909 0.8909
CentralTune 0.9273 0.8909 0.8818 0.8273 0.9000 0.8182 0.0000 0.8818 0.9182 0.8818 0.9091 0.9000 0.9364 0.9091 0.9541 0.9266 0.9000 0.9364
Chibcha    0.9000 0.8909 0.9182 0.8727 0.8818 0.8636 0.8818 0.0000 0.9364 0.8182 0.9293 0.8909 0.9455 0.9000 0.9358 0.9083 0.9182 0.9455
Chimila    0.9455 0.9545 0.9182 0.9091 0.9273 0.9091 0.9182 0.9364 0.0000 0.9091 0.9495 0.9455 0.9455 0.9000 0.9633 0.9450 0.9091 0.9636
Cogui      0.7909 0.9364 0.9091 0.8818 0.8636 0.8636 0.8818 0.8182 0.9091 0.0000 0.9394 0.7091 0.9182 0.8364 0.9541 0.8991 0.9000 0.9364
Dorasque   0.9394 0.9293 0.8889 0.8990 0.8990 0.8889 0.9091 0.9293 0.9495 0.9394 0.0000 0.9596 0.8990 0.9192 0.9694 0.9394 0.8788 0.9192
Malayo     0.6273 0.9273 0.9000 0.9182 0.9091 0.9182 0.9000 0.8909 0.9455 0.7091 0.9596 0.0000 0.9091 0.9455 0.9541 0.9358 0.9455 0.9545
MalekuJaika 0.9091 0.9455 0.9182 0.8636 0.9091 0.8636 0.9364 0.9455 0.9455 0.9182 0.8990 0.9091 0.0000 0.9545 0.9541 0.9266 0.9091 0.9364
Ngabere    0.9364 0.9545 0.8909 0.9091 0.7727 0.9000 0.9091 0.9000 0.9000 0.8364 0.9192 0.9455 0.9545 0.0000 0.9450 0.9541 0.9091 0.9273
Pech       0.9450 0.9541 0.9450 0.8899 0.9358 0.9083 0.9541 0.9358 0.9633 0.9541 0.9694 0.9541 0.9541 0.9450 0.0000 0.9630 0.9633 0.9541
Rama       0.9266 0.9358 0.9083 0.9083 0.9450 0.8991 0.9266 0.9083 0.9450 0.8991 0.9394 0.9358 0.9266 0.9541 0.9630 0.0000 0.9450 0.9358
SanBlasKuna 0.9455 0.9364 0.8909 0.8909 0.8636 0.8909 0.9000 0.9182 0.9091 0.9000 0.8788 0.9455 0.9091 0.9091 0.9633 0.9450 0.0000 0.9000
Teribe     0.9455 0.9545 0.9273 0.9091 0.9000 0.8909 0.9364 0.9455 0.9636 0.9364 0.9192 0.9545 0.9364 0.9273 0.9541 0.9358 0.9000 0.0000
